1111001011001 00000 11111
1111011100110 00001 00000
0100110000100 00001 11111
0000001011110 00000 00000
1100001101100 00000 11111
1000001111110 00010 00000
0000010110000 00010 11111
0000001111110 00011 00000
0010101110000 00011 11111
0001101100010 00100 00000
0001101010000 00100 11111
1000101110010 00000 00000
0010011101000 00000 11111
1110011110110 00001 00000
0110011100100 00001 11111
0110011110110 10011 00000
0110101111000 10011 11111
0110101111010 10100 00000
0000111011100 10100 11111
0000110001110 10101 00000
0110100001000 10101 11111
0110101111010 10101 00000